AP	Freq
54897199232	4747
54896150656	4619
54897199233	4611
54898247808	4393
54896150657	4222
54898248832	4195
69928537216	4153
54897200256	4130
53822408832	4104
53823457408	3954
54897199234	3858
54896151680	3851
54897199104	3826
54898247680	3822
53824505984	3816
54897199235	3747
54898247809	3628
54899296384	3568
54899296256	3554
54900344832	3541
54896150658	3466
53822408833	3407
54761932800	3293
54900344960	3280
53823457409	3245
54901393408	3198
54896150659	3189
54899297408	3106
53826603008	3039
54899296385	3017
53688190976	2968
54898248833	2966
54901393536	2934
54896151681	2925
54897200257	2909
53824505985	2888
54896150528	2872
53825554432	2863
69930633216	2856
54898247810	2848
54902441984	2828
53824505856	2797
54900344961	2782
69931682944	2760
54900345984	2755
54898247681	2743
54897199236	2736
54897200128	2705
54902442112	2701
54762981376	2681
53827651584	2681
54901394560	2622
62278126720	2617
54898248704	2556
54897199105	2538
53689239552	2534
69932731520	2488
53828700160	2487
54897199237	2471
54899297280	2462
54899296257	2452
54901393537	2420
53822408834	2418
69797465216	2417
69932730496	2392
69930634368	2391
54764029952	2374
69929600000	2373
54900344833	2370
54898247811	2367
54903490688	2364
69931681920	2343
53690288128	2308
69931681792	2304
53823457410	2301
69796415488	2289
54897200258	2263
54899296386	2234
54900345856	2232
54902442113	2223
69929585792	2206
69794319488	2185
53825554433	2182
54765078656	2180
53826603009	2176
54902443136	2174
54896151552	2163
54903490560	2149
62279175296	2139
54901393409	2137
54900344962	2132
69798513792	2124
69933779072	2116
54898248834	2085
69933780096	2056
53824505857	2051
69934828672	2045
53823457280	2030
54904539264	2027
69795367936	2023
54899295232	2022
54896150660	2022
69929592832	2009
53688190977	2008
54898246656	2007
54900343808	2000
69800610944	1996
53827651585	1988
69928537217	1986
54766127232	1979
69797464064	1978
54897199238	1976
54761932801	1960
62412344448	1959
53829748736	1940
54899297409	1938
69799562368	1937
69932730368	1930
54901394432	1905
53825554560	1896
54898247812	1892
54764030080	1884
54901393538	1879
69933778944	1873
70871207040	1872
54899296387	1869
69930633344	1868
54903490689	1868
62281272448	1864
54900344963	1863
62413393024	1852
54901392384	1848
54902441985	1844
62280223872	1843
53822408835	1829
53827651712	1828
54904539136	1822
53828700161	1819
69934827648	1816
69935876224	1809
63351868544	1804
54903491712	1803
53826603136	1795
69930634240	1791
54898247682	1791
54896151682	1788
70868061312	1787
69931682945	1787
54896150661	1782
54761933824	1776
54897198080	1774
53691336704	1770
54765078528	1768
54902440960	1764
69935877248	1746
54900345985	1731
70870158464	1723
54897199239	1711
53828700288	1709
62282321024	1706
53823457411	1706
69934827520	1703
62281271424	1694
70870157440	1689
69798512640	1679
62280222848	1679
62414441600	1661
53830797312	1660
63352917120	1657
69932730497	1652
54902442114	1644
53692385280	1642
53690287104	1639
69798512768	1627
54899297281	1627
53824505986	1627
54762981377	1620
53689239553	1620
54762982400	1616
69931681921	1612
54764029953	1604
54767175808	1601
70869108736	1598
69931682816	1596
54899296258	1589
53827651713	1589
53689238528	1587
54897200259	1585
53690288129	1584
69795368064	1582
54901393539	1581
54901394561	1579
62278126721	1576
69929585664	1574
54765078657	1569
69935876096	1568
54905587840	1556
69799561344	1553
70868060160	1549
69797465088	1546
69932731392	1542
69801659520	1542
54904540288	1532
69795366912	1529
54898247813	1528
70872255616	1525
69932731521	1511
69797464192	1506
69794319360	1504
54903489536	1502
54900344834	1501
53829748737	1498
69929584640	1496
69796416640	1493
62414440576	1490
53825554434	1489
54897199106	1487
54898248705	1485
69930633217	1482
54904539265	1481
53826603137	1480
69936924800	1477
69796416512	1476
69936925824	1473
53691335680	1472
53693433856	1467
69930634369	1464
62413393025	1455
54899296388	1454
53826603010	1451
53828699136	1440
54898248835	1434
70869109888	1430
53692384256	1425
53828700289	1424
69937973376	1421
69933779073	1420
54905587712	1419
69800609920	1412
69798513664	1412
54901393410	1408
62282320000	1403
53827650560	1401
54900344964	1400
54903490561	1397
63351867392	1396
62412344449	1396
53825553408	1393
63353965696	1380
53829748864	1380
69801658496	1374
70869109760	1373
53831845888	1368
54762981504	1356
53829747712	1353
63352915968	1345
69931681793	1341
54897200129	1336
53694482432	1335
62279174144	1331
54903490690	1328
54900345857	1328
69799561216	1327
53825554561	1325
69802708096	1322
53694481408	1318
53693432832	1311
53826601984	1306
70869124224	1305
54766127104	1303
63355014272	1302
62415489152	1301
70871206016	1295
62280222720	1295
69796415616	1294
53830797313	1291
53827651586	1289
69937974400	1288
70873304192	1285
54902443008	1285
54902442115	1282
70868061184	1280
54896150529	1277
53688190978	1273
62283368576	1272
53824504832	1271
53823457281	1269
70871205888	1262
62412343424	1262
54897199240	1260
54898247683	1258
54906636416	1257
69933779968	1250
69933794304	1246
54904538112	1238
54899297410	1238
63353964672	1237
54902443137	1231
54767175680	1228
54766127233	1227
54898247814	1222
62415490176	1217
54764030976	1217
53691336705	1216
70870157312	1208
53832894464	1205
54905587841	1203
54906636288	1199
54899296389	1187
54764030081	1187
54904539137	1186
61205433472	1182
54905588864	1182
70874352768	1181
54761933825	1178
69800609792	1174
54768224384	1174
69930633345	1173
54900343809	1170
70872254464	1168
54901393540	1168
69801658368	1167
70869108864	1162
53828700162	1162
53827651714	1160
54899295233	1159
54898246657	1157
54762982401	1155
53695529984	1155
69936924672	1154
61204384896	1153
53830796288	1152
69933780097	1151
69934827649	1149
62280222849	1146
54900344965	1145
69932745728	1144
70870158336	1142
54901394433	1142
62283369600	1139
54896150662	1136
54767175809	1135
62281271296	1134
69934828673	1133
62279175297	1132
70870172672	1131
54902441986	1126
69795367937	1122
63356062848	1121
54897200260	1121
69935876225	1118
62413392000	1113
62279174272	1113
70872254592	1112
53826603011	1111
53692385281	1111
54896149504	1107
54768224256	1102
53689239554	1100
54899296259	1093
53824505987	1089
69797465217	1088
53695531008	1086
70875401344	1085
54896151683	1085
53830797440	1083
70873303168	1080
62281271425	1079
53831845889	1078
54903491584	1073
69929600001	1071
53825554435	1061
69796415489	1060
62278126592	1058
62282319872	1056
61206482048	1056
69803755648	1055
54900344835	1053
53829748738	1053
54765078529	1052
69803756672	1051
62416538752	1051
53824505858	1050
69934842880	1048
53829748865	1047
69799562240	1046
53690288130	1043
69934828544	1040
54901392385	1040
54904539266	1038
54899297282	1037
69798513793	1033
63351868416	1032
53827651587	1031
54901393411	1028
53696578560	1028
62284417152	1027
69797479424	1026
54902440961	1025
54761931776	1023
54905586688	1020
69796416513	1019
62414441601	1016
69931682946	1015
53822408836	1015
54903490691	1014
70870157441	1010
69802706944	1010
53826603138	1009
69933778945	1008
69929593856	1006
53828700290	1006
52615496704	1006
69932730369	1005
69799562369	1002
54764028928	1001
69939021952	997
69935891456	997
70871221248	996
63355013248	994
54900345986	992
53827651715	990
69802707072	988
62416537728	987
69939022976	986
62279175168	986
54769272960	985
69937973248	982
53831844864	982
54761932802	981
54769272832	980
53828699137	979
54907684992	974
69932745856	973
70871206912	971
54897199241	971
62278125568	969
53828700163	969
54907684864	965
53829747713	965
69800610945	964
62283368448	964
63355013120	963
54898248836	960
54896150663	957
53688189952	953
54765077504	948
69929585793	946
53693433857	946
53690287105	946
69934827521	939
69797465089	939
63356061824	938
70872269952	934
69799561345	934
54898247815	933
63357110400	930
62284418176	930
54903491713	930
54906636417	929
53696579584	927
69799576576	925
54762980352	925
53825553409	924
54902442116	922
53823457412	922
62415489153	921
63352916992	920
54899296390	920
70869109761	919
69929592833	917
63357111424	915
69931680768	913
61207530624	911
69932729344	909
54764029954	908
69936924801	907
69796430848	905
69794319361	902
63358158976	901
69803755520	896
53831846016	895
70874351616	893
53833943040	893
53827650561	892
70875400320	890
53832894465	890
54761933826	889
70872269824	884
63352916096	883
54901394562	883
53694482433	882
61207529600	881
54901393541	880
70873303040	879
69940070528	876
54903490562	870
54765078658	870
54897199107	868
69797464065	867
53829748739	865
70874351744	863
62417587328	863
62281272449	863
54768224385	861
53830797441	861
53830797314	860
69935877120	857
53826603139	857
69798512769	856
54762982402	855
54905587713	854
70868061185	852
70875400192	851
54906637440	850
69937973377	848
53825554562	848
69800609921	847
70876449920	846
54767174656	845
53688190979	844
54762981378	841
53697627136	841
63353964544	840
54766127105	837
54906635264	836
53690288131	836
62413393026	835
69932731393	834
69796415617	833
62280223873	833
62412344450	831
53826601985	831
69934826496	827
62282320001	826
69935877249	822
62285466752	822
62417586304	821
63352915969	820
53689239555	820
69804805248	818
69801658497	818
54766126080	818
54904539267	817
54900344966	817
53689238529	815
69795367938	814
62283368577	814
69931681922	812
53691336706	812
54770321536	810
69798528000	809
70873318528	808
54905587842	807
54897198081	806
61206481024	803
70872255488	799
54903489537	799
54899297411	799
53830796289	799
53828700291	798
69931682817	797
62285465728	796
69930634241	795
69800610816	793
54896151553	792
53832893440	791
63351868545	790
69935875072	789
69933777920	788
63351867393	788
54902441987	788
69936940032	787
63353965568	786
69798512641	784
54900345858	782
54898247684	780
62417586176	779
53691335681	779
69935876097	778
69794318336	778
70869108865	775
54908733440	774
54904540160	774
70869124096	772
61208579200	771
69937974401	770
53824504833	769
69933787136	767
69931697152	767
54767175681	764
62414440577	763
63352924288	762
53697628160	761
70871207041	757
55835675776	757
55835674624	757
53692384257	756
69930641408	753
62413400192	751
70870172673	750
53693432833	749
63358160000	747
62414440448	747
53832894592	746
70869108737	745
70870173696	744
69928537218	744
69801659392	744
69804804224	741
70868061313	739
54897200261	739
54904540289	738
54770321408	738
62418634880	737
53826603012	737
69798513665	736
62418635904	735
70873304064	733
54908733568	733
69932731522	731
69932730498	730
69796423680	729
54899296391	729
54906636289	728
53829748866	728
54903490692	727
53834991616	727
69940071552	725
63353964673	725
62284417024	724
69932738560	722
69795367939	722
53694481409	721
53824505859	720
70869109889	719
69936925825	719
69797464193	717
54768224257	715
63352917121	714
54771370112	714
62285465600	713
62281272320	713
69933779969	711
53831844865	711
69935891584	710
69931682947	710
69794319489	710
69801659521	707
69933794432	705
55836724352	704
53822408837	704
53831846017	703
53692385282	702
70871221376	699
53831845890	699
69930633218	698
63359207552	698
53698675712	697
54904538113	695
70871206017	693
69939021824	693
54898248706	693
70877498496	692
133279319168	691
69930632192	690
62415489024	690
70874367104	688
62282321025	687
53695531009	687
54765078530	686
69796416514	682
53830797315	682
54898247816	681
70870158465	680
53827651588	680
70877497472	679
54765079552	679
54905588736	678
69931697280	675
55835673600	674
133279319040	673
69805852800	672
54764030977	671
69800625152	670
54902442117	669
53833943041	669
70873318400	667
63351867520	667
54902443009	667
69802708097	665
69795367040	665
54904539138	665
54897199242	665
54907684993	664
54907686016	663
54900344967	662
53825554436	662
54768223232	661
54901393412	659
69805853824	658
62416537729	658
53695529985	657
53823456256	654
54769272961	653
53828700164	653
69799562241	652
62412343425	650
62413400064	649
54764029955	649
70876448896	648
69804804096	648
63355013249	646
62284417153	646
54900344836	645
69799561217	644
54907683840	643
69931681794	642
54901393542	642
54896151684	642
70872255617	641
61208578176	641
63357110401	640
54899296260	639
53825554563	638
69930634370	637
69939021953	635
61205432320	635
54898248837	635
62416537600	634
53827651716	634
69798511616	633
55837772928	632
54762981505	632
69802707073	631
53823457413	630
53691336707	630
54769272833	629
53833942016	629
62419683456	627
62413399040	626
61209627776	626
69931681923	624
70876448768	623
61204384768	623
54905587843	623
54902443138	623
62286514304	622
53832894593	621
53696578561	621
54906636418	620
69796424704	619
70872253440	618
53698676736	618
69936923648	615
54897200130	614
53824505988	614
69940070400	613
69933779074	613
53830797442	612
53829748867	612
70868059136	611
69929600128	610
69803755649	609
62282320896	609
54771369984	609
62419683328	608
62280223744	608
53826603013	608
62415490177	607
54899297283	605
54900343810	602
55836723200	601
53833943168	601
147103730816	599
69936924673	598
69800608768	598
54907684865	598
69796416641	597
69795368065	597
53832894466	597
142003471489	595
142003471488	595
70870157313	595
69803756673	593
54903490563	593
70874352640	592
69795382272	592
55839870080	592
63356061825	591
69799569408	590
54906637312	589
69936925696	587
69805852672	586
70869125120	585
69801658369	585
53693433858	585
69800609793	584
62417586305	584
62279174145	583
54900345987	582
70869109762	581
133279320064	580
70871205889	580
63359208576	580
62278126722	580
54770321537	580
133279319041	579
54762981379	579
53699724288	579
70872254593	578
54769271808	578
54904539268	576
70871206913	575
70870158337	575
63351866368	575
55835675648	575
69934828545	574
70877497344	573
53829748740	573
62419684480	572
70869124097	570
69934843008	569
62286515328	569
54772418688	568
53696579585	568
54905588865	567
54764028929	567
69797465090	566
54909782144	566
69937988608	565
54766128128	565
70874366976	564
69931689984	564
61210676352	564
53690288132	564
54766127234	563
69941119104	561
54899295234	561
69801673728	560
54909782016	557
54761932803	557
54903490693	556
53831845891	556
70876464256	555
55837771904	555
54762980353	555
63356061696	554
62415490048	554
53699725312	554
69802707968	553
53832893441	553
147104778368	552
69801657344	552
70873303169	551
53689239556	550
54905586689	549
53826603140	547
70872254465	546
61211723776	546
54898246658	546
52619691008	546
69937972224	545
62280222721	545
54766127106	545
70878547072	544
70871204864	544
70872269825	543
69799560192	540
62414448768	539
133280352256	538
62279174273	537
70871221249	535
63355014273	535
62416538624	535
139587538048	534
69933794305	534
63353965697	534
69940070529	532
53834990592	532
147105826944	529
70875401345	529
69933780098	529
70875415680	528
54897199243	528
55838821504	527
69939037184	526
63357110272	526
62414441472	525
69934828674	524
63358158977	524
54767175810	524
53828700165	524
70875400321	523
69797473280	523
69797463040	523
62413393027	523
53688190980	523
54765077505	522
69802706945	521
62287562880	521
53830797443	521
69795367940	520
55837771776	520
54772418560	520
54908733569	519
53827651589	519
53694482434	519
69806902400	518
61211724928	518
54908732416	518
54899296392	518
70869124225	515
62418634881	513
53836040192	513
53692385283	513
69941120128	512
55836724224	512
70873304193	510
69795366913	509
69806901248	508
69796415490	507
54908733441	507
54767176704	507
53697627137	507
69937973249	506
55840918656	505
55835673601	505
69797479425	504
55836723328	504
53831846018	504
54902440962	503
53834991617	503
69932730499	502
70875401216	501
70873302016	501
69930633346	501
54901394434	500
54767175682	500
54764030082	500
62281271297	499
54901392386	499
62413392001	498
54901394563	498
62286514176	497
54903491585	497
69800617984	496
54902441988	496
147106876544	495
69932745729	495
69939037312	493
70869107712	492
69796416515	492
53700772864	492
69794319362	491
70871214208	490
62414441602	490
54897200262	489
53827651717	489
70868060161	488
69932739584	488
69803756544	488
54898247817	487
54770320384	487
53828699138	487
69939020800	486
69802705920	486
62418634752	486
55838820480	486
54898247685	486
54765078531	486
54762982403	486
53829747714	486
70875415552	485
69939022977	485
62416538753	485
63360256128	483
69935876226	482
62283369472	482
54770321409	482
54902442118	481
53690287106	481
139588586624	480
61208579072	480
55838820352	480
54905587714	480
53828700292	480
69934827650	479
54908734592	479
70874352769	478
70872263680	478
69936940160	476
54901393543	476
54767174657	476
53829748741	475
70871222272	474
69941118976	474
69929585665	474
69803755521	474
62280222850	474
55841967232	474
54761931777	474
53825554437	473
69933788160	472
62285465729	472
69934836736	471
69802722304	469
62282319873	468
54907685888	467
54906636419	467
53690288133	467
53697628161	466
69935877121	465
61206480896	465
55839868928	465
54900345859	465
69934842881	464
53830797316	464
69930640384	463
147105827968	462
54900344968	462
70869117952	461
69800610817	461
54899297412	461
69796414464	460
61210676224	460
53833943169	460
69930642432	459
53832894467	459
62287563904	458
61208578048	458
70874351745	457
69801659393	457
69798520960	457
61209627648	457
54897199108	457
54773467264	457
70879595648	456
54765078659	456
69929584641	455
69804804225	455
69796422656	455
62279173120	455
54771370113	455
70876464128	454
69799569536	454
69799562370	454
53691336708	454
62417586177	453
55837772800	453
69942167552	452
62284418048	452
54901393413	452
53834991744	452
70872270848	451
69799576577	451
62281270272	451
54907684994	451
54761933827	450
142005553280	449
70878546048	449
69931680769	449
63360257152	449
69935891457	448
69931690112	448
53833942017	448
69932731523	447
62282318848	447
69930648576	445
54896150664	445
63353972736	444
53830796290	444
69932745857	443
53831846019	443
70879594624	442
69806901376	442
62420732032	442
69931691008	441
69796430849	440
54906635265	440
54899296261	440
69942167680	439
69933779075	438
63356062849	438
70874350592	437
70870157442	436
54766126081	436
70871214080	435
69932730370	435
69932729345	435
62417587200	435
53833943042	435
133281401856	434
69934835712	434
52617593856	434
54905587844	433
139590683776	432
53832894594	431
78387399808	430
70878545920	430
69937974272	430
69798513794	429
62420733056	428
63353965569	426
54904539139	426
54768225280	426
69929586688	425
69799562242	425
54904539269	425
53824505989	425
139589635200	424
54900344837	424
69933778946	423
62415489154	423
54768224386	423
70875400193	422
70868061186	422
69797465218	422
54771368960	421
78386350208	420
69803770880	420
63352916097	420
54768224258	420
69936932864	419
69932731394	419
69807950976	419
69807949952	418
62283369601	418
54909780992	418
69797472256	417
69803754496	416
62281271426	416
69800619008	415
69798520832	413
63359207553	413
61209626624	413
54903489538	412
69805852801	411
69797465091	411
69934826497	410
63358158848	410
142003457152	409
62415496192	409
70875399168	408
69940071553	408
53826603141	408
53695531010	407
53693433859	407
61212773504	405
54773467136	405
54769273856	405
54910830592	403
54764029956	403
53826603014	403
53701821440	403
69930634371	402
69929583616	402
62280221696	402
54910830720	402
69929600002	401
142006602880	400
62417587329	400
61209626752	400
54898248707	400
142004504704	399
69942168704	399
63352915970	399
54909783168	399
54903491714	399
53827650562	399
70873304065	397
62419683457	397
61207529472	397
54899296393	397
69804805120	396
69802715136	395
61210675200	395
62415497216	394
69933779970	393
69807949824	393
69800618112	393
63355021440	393
54906636290	393
53825553410	393
53700773888	393
70870172674	392
62412344451	392
70870156288	391
69936932992	391
62283367424	391
54906637441	391
54770322432	391
70877497473	390
70874351617	390
70872255489	390
69931682948	390
63351867394	390
62288611456	389
61206482049	389
54896151685	389
53698676737	389
53689239557	388
69930633347	387
62418635776	387
62414448640	387
69937988736	386
69934827522	386
69930635264	386
69804805249	386
61213821056	386
53694481410	386
133282450432	385
69935875073	385
69930633219	385
62286514305	385
53837088768	385
53823457282	385
53822408838	385
69933777921	384
69795368960	384
53836039168	383
53823457414	383
69798528001	382
69795367941	382
55836723201	382
54774515840	382
70877512704	380
70874359936	380
69939022848	380
54762981380	380
70871206914	379
62279175298	379
70876449792	378
69936924802	378
69935884288	378
61210675328	378
62421781632	377
62413391872	377
53696579586	376
70873311360	375
69931697153	375
61207529601	375
54767175811	375
69804803072	374
54898248838	374
53828700293	374
52620739584	374
70872262656	373
69798513666	373
54771369985	373
70873303041	372
70870172800	372
69800610946	372
63352924289	372
61206481025	372
55835674625	372
53834990593	372
52621788160	372
69800625153	371
62414440578	371
62287562752	371
53828699139	371
53698675713	371
69931681795	370
53691336709	370
70874359808	369
70869109763	369
61211723904	369
55839869056	369
54900344969	369
54900343811	369
53836040193	369
53691335682	369
69940069376	368
54765079553	368
62284416000	367
54909782145	367
70879594496	366
63355020288	366
54903490694	366
133283513344	365
69939021825	365
54769272834	365
54767175683	365
61212772480	364
54902442119	364
53830797317	364
78385302656	363
55840917504	363
53699725313	362
69936933888	361
61213822080	361
62280223874	360
54896150530	360
70870158338	359
53832894595	359
133283499008	358
70873318401	358
55840917632	358
69930641536	357
54897198082	357
147104778369	356
70873310208	356
53831844866	356
62285464576	355
53702870016	355
53692385284	355
133282465792	354
70877512832	354
70876448897	354
69935877250	354
55841966080	354
54908734464	354
54766127107	354
53829748868	354
53694482435	354
78384254080	353
69937974402	353
69937973378	353
69805853825	353
69802715264	353
62416538625	353
54898246659	353
69943216128	352
62288612480	352
54905587715	352
54766127235	352
69795367041	351
62279175169	351
54772417536	351
53688190981	351
147108973696	350
69805851648	350
53829747715	350
53699724289	350
70877496320	349
70876447744	349
69929591808	349
69929584768	349
147107925120	348
69943216256	348
69800616960	348
69936940033	347
69931682818	347
62284418177	347
133285596288	346
54899295235	346
54896150665	346
70872269953	345
69941134336	345
54907683841	345
54904540161	345
69801666560	344
54911879296	344
54904538114	344
53834991745	344
70872269826	343
69940085760	343
69804804097	343
63361304704	343
54769272962	343
53828700166	343
70877498497	342
54907684995	342
69931683840	341
69801666688	341
63361305728	341
55841966208	341
54898247818	341
53833943043	341
70874360832	340
62280230912	340
54772418689	340
78389496960	339
69796416516	339
53830796291	339
54901393544	338
54764030083	338
53693432834	338
69929585794	337
55837771905	337
53831845892	337
133284561920	336
63355012096	336
63353964545	336
55843015808	336
54897199244	336
147104779392	335
70880644224	335
69799561346	335
53826601986	335
53825554564	335
69941117952	334
53834991618	334
53833943170	334
53827651590	334
69933780992	333
54902443139	333
53837087744	333
70873318529	332
69934827651	332
54903490564	332
53690287107	332
78386351232	331
70878561408	331
62281272450	331
54902441989	331
139588585600	330
70874366977	330
54904540290	330
54900345988	330
53836040320	330
69805853696	329
54909782017	329
70876449921	328
69805852673	328
54901392387	328
54897200263	328
54769271809	328
54768223233	328
70877498368	327
62283368449	326
53696578562	326
52618642432	326
142005553281	325
78385301632	325
69940071424	325
78388448384	323
70874352641	323
54764029957	323
53701822464	323
54765078532	322
133282449408	321
142005554304	320
69808999552	320
62416537730	320
62284417025	320
54901394435	320
53829748742	320
53695529986	320
133286644864	319
69799562243	319
62414448769	319
54761932804	319
70878561280	318
69801673729	318
54774515712	318
53826603015	318
70873319424	317
70873311232	317
69808998400	317
54905587845	317
69801658498	316
63355014144	316
62283368578	316
53823456257	316
78386350209	315
70870166528	315
54911879168	315
54907684866	315
53825554438	315
133285595264	314
70870165504	314
78387398784	313
70876455936	313
69935876227	313
63357111425	313
62418635905	313
54902443010	313
133287693440	312
69930634242	312
69801665536	312
63353963520	312
62414441473	312
61214869632	312
70880643200	311
69943217280	311
69939030144	311
55836724225	311
53695531011	311
70874368000	310
70870173697	310
69801659522	310
53824505860	310
70876457088	309
70871221250	309
69933787264	309
62289660032	309
53692384258	309
54902440963	308
54896149505	308
53700772865	308
69941119105	307
69802707969	307
54764030978	307
70876448769	306
69940070401	306
69939028992	306
69934828675	306
54897200131	306
54906636420	305
63356062720	304
62278126723	304
54910829568	304
62417586306	303
54768224387	303
69935876098	302
69804819456	302
62420731904	302
62412343426	302
55839867904	302
54908733570	302
70880643072	301
69800609922	301
62415489025	301
54768224259	301
70878544896	300
69808998528	300
54767176705	300
53827651718	300
52623885312	300
133279320065	299
70875401217	299
69798511617	299
62282320002	299
142004504705	298
139587536896	298
70878546944	298
69935884416	298
63359207424	298
62421780608	298
62416536576	298
69929593857	297
69806900224	297
62287562881	297
78390545536	296
70871207042	296
70869109764	296
69797466112	296
69798512642	295
61214870656	295
54905588737	295
54773467265	294
54766128129	294
70872253441	293
69796415618	293
63357109248	293
54901393414	293
63355021312	292
55838821376	292
54909783040	292
54772418561	292
54762981381	292
53690288134	292
69936925697	291
69794320384	291
53829748869	291
70868062208	290
55836723329	290
54908732417	290
54762982404	290
139591732352	289
53832894468	289
53822408704	289
69806916608	288
54771371008	288
52622836736	288
70875415553	287
69931688960	287
54770321538	287
70879609856	286
70871204865	286
70869124226	286
53833943171	286
70877497345	285
69803756545	285
69797464066	285
63353964674	285
62289661056	285
62278126593	285
70873304066	284
69802716160	284
62417585152	284
62414441603	284
62285466753	284
55839869952	284
139592780928	283
69805868032	283
55843014656	283
69940085888	282
69806902272	282
62278125696	282
61210676225	282
54901394564	282
54899296394	282
52615496705	282
147106875520	281
69939030016	281
69797465092	281
63356060672	281
53830797444	281
53828700167	281
53824504834	281
53823457415	281
70874367105	280
54905586690	280
139590682752	279
62422830208	279
53831846020	279
53696579587	279
147105826945	278
62414440449	278
55837771777	278
54903490695	278
54775564416	278
54770321410	278
53691336710	278
69932738688	277
69801657345	277
54761932928	277
139587538049	276
69936925826	276
69928537219	276
69798513667	276
69798512770	276
62414447616	276
54904539140	276
54900344970	276
69810047104	275
69810046976	275
62285466624	275
61208578177	275
54907686017	275
53827650563	275
133283499009	274
69936924803	274
69795367942	274
62414439424	274
54899297413	274
53838137344	274
69803756674	273
62285465601	273
54910831744	273
54899297284	273
53831844867	273
53697628162	273
62415488000	272
54773466112	272
53837088896	272
53834991619	271
139589634176	270
133279319169	270
70869110784	270
62415490049	270
62283375616	270
54906636291	270
70869108738	269
69941120000	269
69806901249	269
53822408839	269
53702871040	269
53689239558	269
69941120129	268
62416537601	268
70869124098	267
55843014784	267
54898247819	267
54770320385	267
69941134464	266
63361304576	266
63360256129	266
54899296262	266
54898247686	266
53837088769	266
70869109890	265
69798520961	265
63352914944	265
54775564288	265
53825553411	265
53694481411	265
139590698112	264
69937988609	264
62286513152	264
62284417154	264
54910830721	264
54904539270	264
133287692416	263
69810048128	263
69801659394	263
62288611328	263
55836723202	263
54764028930	263
139591746688	262
69933786112	262
69802708098	262
63358157824	262
63352924160	262
53832893442	262
53827651591	262
133284555776	261
70868061187	261
69798521856	261
62420732033	261
55835675777	261
53700773889	261
139591731200	260
78391594112	260
69942167681	260
69939037185	260
62422829184	260
62282321026	260
54903489539	260
53823457283	260
53689238530	260
70871214209	259
69800608769	259
54761933828	259
142004505728	258
133281416320	258
69799562371	258
62418633728	258
62281279488	258
53831845893	258
69799570432	257
69799561218	257
69801658370	256
62415489155	256
53824505990	256
53688190982	256
70871206018	255
70869125121	255
69944264704	255
69933787137	255
62416538626	255
62415490178	255
55844063360	255
53836040321	255
142006601856	254
139588585472	254
70881691648	254
70870158466	254
69797463041	254
69796417536	254
63362353280	254
54902442120	254
54897199245	254
54765077506	254
52619691009	254
69804811264	253
63355013250	253
53836039169	253
53698676738	253
69931682949	252
69802722305	252
61212772352	252
55835675649	252
53826603142	252
69941118977	251
69929592834	251
54897199109	251
54767174658	251
53829748743	251
69942182912	250
63352917122	250
62419684481	250
62413390848	250
54903491586	250
69944264832	249
69799569537	249
61213820928	249
54901393545	249
54765079554	249
147111069824	248
69937973379	248
61215919232	248
54896151554	248
54773467137	248
53834991746	248
78387399809	247
70870157443	247
62421780480	247
53693433860	247
70875401346	246
69937981440	246
63357110402	246
54906637313	246
54898248839	246
70871215104	245
69939021954	245
69933780099	245
54912927744	245
54900344838	245
54766126082	245
53827651719	245
139588586496	244
70870172675	244
63486086272	244
55844064384	244
53692385285	244
70876456960	243
70871221377	243
70871206915	243
69939020801	243
69934835840	243
62416545792	243
62280222851	243
55844063232	243
54772419584	243
69936924674	242
69806901377	242
61215918208	242
53703918592	242
70871205890	241
69936923649	241
69932737536	241
69805853697	241
63358160001	241
54908733442	241
147110022272	240
70881691776	240
69935891585	240
69932738561	240
69802714112	240
69796416517	240
63356061697	240
142007651456	239
70878547073	239
69802706946	239
63362354304	239
62282320897	239
54776612992	239
54767175684	239
70873302017	238
69933779971	238
62288611457	238
62279182336	238
55838820481	238
55838819328	238
54762982405	238
53699725314	238
70880658560	237
63357110273	237
63355013121	237
54910831616	237
54774514688	237
63487133824	236
55837772801	236
55837770752	236
54768225281	236
53830797318	236
70881692800	235
70879595649	235
70872269827	235
70870157314	235
69942167553	235
69935878144	235
133281416192	234
70879594625	234
62416538627	234
55836722176	234
54771368961	234
54769272835	234
53830797445	234
133281416321	233
70872254466	233
69942166528	233
69937972225	233
63363401856	233
62423877632	233
62418635777	233
62281270273	233
62278125569	233
54907685889	233
54771369986	233
70870158339	232
69932730371	232
54764029958	232
78384254976	231
69936932993	231
69935885312	231
69934827523	231
69794319363	231
61205433344	231
55838820353	231
54909782146	231
54774515841	231
133285610496	230
70869124099	230
69804805121	230
62419682304	230
61338602624	230
55836724353	230
54762980354	230
53697627138	230
53694482436	230
70879593472	229
70878545921	229
70876464129	229
70872255618	229
69937981568	229
69804812288	229
54911878144	229
54765078660	229
53837087745	229
53831846021	229
53825554439	229
53701821441	229
142003464192	228
133281416193	228
133280428160	228
70875408384	228
54905588866	228
133284547712	227
70878546049	227
69807949953	227
63360256000	227
54903490565	227
53826601987	227
53691336711	227
69804812416	226
54900345860	226
54761933829	226
53690288135	226
52624933888	226
142008700032	225
139592779776	225
139589642240	225
133281417216	225
70879609984	225
69943231488	225
69797464194	225
62416538754	225
54910830593	225
147110021248	224
139594878080	224
139593829504	224
69930641409	224
69807965184	224
69799563264	224
62290708608	224
61209626753	224
54909780993	224
54906636421	224
54776612864	224
54769272963	224
54762981382	224
147111070848	223
70882740352	223
62418634882	223
62418634753	223
61204383744	223
54912927872	223
54896151686	223
78385325056	222
54911879297	222
54774515713	222
53825554565	222
70869109765	221
69811095552	221
54900344971	221
54900343812	221
54762981506	221
54766127108	220
53838136320	220
53834991747	220
78385302657	219
70876457984	219
69941126144	219
69934828546	219
69807948800	219
62422829056	219
62279174146	219
54907684996	219
54897200264	219
54770322433	219
53828700294	219
78392642688	218
69936931840	218
69930632193	218
69807950977	218
53836040194	218
142004504576	217
69796416642	217
62287561728	217
55839868929	217
54908733571	217
53824505861	217
53695529987	217
139588586625	216
133283499136	216
69933779076	216
69800609794	216
69797472384	216
63351866369	216
62423878784	216
55840916480	216
54771370114	216
54768224260	216
53838137472	216
70868061314	215
69935883264	215
63352915971	215
54901393415	215
54899296395	215
133284547584	214
70882740224	214
70874359937	214
70869108866	214
69803755650	214
69800610818	214
69798513795	214
63356061826	214
63353973760	214
62286515200	214
54765078533	214
133285596160	213
78387398785	213
70882741376	213
69944265856	213
69801659395	213
63351868546	213
62413400065	213
53833943044	213
147112119424	212
139593828480	212
139591731328	212
70871221251	212
55835673602	212
133283497984	211
133279320066	211
78384254977	211
70873318402	211
69934829568	211
69806902401	211
54898248708	211
54764030979	211
53832894596	211
53695531012	211
52621788161	211
69941127296	210
69937973250	210
63359206400	210
62419683329	210
62417594368	210
62281271427	210
139590682624	209
70878553088	209
70875416576	209
69935877122	209
69803763712	209
69802715265	209
62289659904	209
62286514177	209
62279181312	209
54767176706	209
53837088897	209
133282464768	208
133279319042	208
70875400322	208
70874350593	208
69933778947	208
69931681924	208
62416537731	208
54902441990	208
53832893443	208
53702870017	208
52620739585	208
133288756352	207
78386351233	207
70873312256	207
70873304194	207
69937974403	207
55837772929	207
54911880192	207
54906635266	207
54769273857	207
54766128130	207
53703919616	207
78385301633	206
62417586307	206
54770321411	206
53839185920	206
53693432835	206
78388447360	205
69801658499	205
69797465219	205
62281272321	205
61205432448	205
54907684867	205
53832894469	205
55845111936	204
54911880320	204
54904538115	204
54900345989	204
54777661440	204
139588593792	203
69932731524	203
69799562244	203
69796430850	203
63355014274	203
54903491715	203
54772417537	203
53690287108	203
52616545280	203
133289790592	202
69945313280	202
69935891458	202
69811096704	202
69799560193	202
63488182400	202
62416544768	202
62415497344	202
61207530625	202
55839867905	202
70870156289	201
69929600003	201
69802707074	201
62280222722	201
55840918528	201
53833942018	201
133286652032	200
70876449793	200
69945313408	200
53697628163	200
133286659072	199
70878554240	199
54899295236	199
54773468160	199
53696578563	199
53689239559	199
69932730500	198
69806902273	198
54913976448	198
54902443011	198
147106876545	197
70876464257	197
54905587716	197
53826603143	197
52625982464	197
139589634048	196
133287693441	196
69931682819	196
69803754497	196
63488183424	196
54769271810	196
133284562944	195
70871206916	195
69940070530	195
69808998529	195
70875408512	194
70873304067	194
69939022978	194
69937974273	194
69807950848	194
61218015232	194
54767175812	194
53836040322	194
78389496961	193
70869124227	193
69943216257	193
69801659523	193
63358158978	193
62416538628	193
55845112960	193
54908734593	193
54775564417	193
54771371009	193
54770321539	193
70871207936	192
69934843009	192
69794327680	192
63363402880	192
54901393546	192
53826603016	192
53691335683	192
53688189953	192
52623885313	192
70874352770	191
69803770881	191
69796415491	191
69795365888	191
63351875712	191
62425974784	191
62412344452	191
62283376640	191
54904539271	191
52615496706	191
69799576578	190
61207530496	190
55836723203	190
53696579588	190
70879595520	189
70875415681	189
55841967104	189
53698675714	189
78385325057	188
69935877251	188
69932731395	188
69931681796	188
69808999553	188
62286515329	188
61339657216	188
54902442121	188
54772419585	188
70872254594	187
69934842882	187
69802705921	187
69800609923	187
69797465093	187
62423877760	187
62421780609	187
54898247820	187
53701822465	187
142010797184	186
139592779904	186
133288742016	186
69930634372	186
62288612352	186
62282328064	186
61216966784	186
54913976320	186
54908734465	186
54903490696	186
54765079555	186
53828700295	186
53824504835	186
53688190983	186
147112118400	185
147108972544	185
142009747584	185
133288748032	185
70872255490	185
70868059137	185
69806908416	185
69805851649	185
69795368066	185
63352916993	185
61214869504	185
61213821057	185
61211724800	185
78384254978	184
69939030145	184
69928545408	184
69803756546	184
63364451456	184
63353972864	184
62413392896	184
62291757184	184
54897199246	184
54772418562	184
54761932805	184
78388447232	183
70877512705	183
70876465152	183
69806909568	183
69797479426	183
62290709632	183
54909783041	183
54904540291	183
147110021120	182
147108972672	182
133288749184	182
133286659200	182
133286643840	182
78390544512	182
78385325058	182
70872262784	182
70870158340	182
62283368579	182
53830797319	182
70879594497	181
69798513668	181
62414440579	181
61212772481	181
55839870081	181
54905587846	181
54778710016	181
70880658432	180
69933794306	180
69800610947	180
62420730880	180
61210675329	180
61204384897	180
55837771778	180
54897198083	180
53833943172	180
53698676739	180
78391593088	179
70875401218	179
69933794433	179
69808997376	179
53693433861	179
70875400194	178
69937980416	178
69808998401	178
69805853698	178
69801660416	178
63351867395	178
55840917633	178
54904539141	178
53832894597	178
78392641664	177
78390544384	177
70880643201	177
69798528002	177
69795367943	177
63357111296	177
55841965056	177
54905586691	177
147111069696	176
139589649536	176
133280353280	176
78389495936	176
69942168576	176
62417587330	176
62279175299	176
55846161536	176
54910831617	176
54898248840	176
54772418690	176
53828700168	176
53694482437	176
147105827969	175
133286652928	175
70884837376	175
70880642048	175
70877498369	175
70874366978	175
70874351618	175
70873303170	175
69943215104	175
69942168705	175
69941117953	175
69811095680	175
69803755522	175
69799561347	175
63353964675	175
54901392388	175
54764030980	175
139590697984	174
69943216129	174
54897200132	174
54775564289	174
53824505991	174
139589635201	173
139588585601	173
133285595136	173
78388448385	173
78385302658	173
70880643073	173
70876457089	173
70869116928	173
69804812417	173
69804803073	173
63359208577	173
55838822400	173
54771369987	173
54764028931	173
69939031040	172
63489232000	172
63364450432	172
63362353152	172
55840917505	172
54909782147	172
54775563264	172
54768224388	172
53836040323	172
53827651592	172
133281401857	171
70877513728	171
70869107713	171
69936925827	171
69935876099	171
69932732416	171
61214869633	171
54902440964	171
54899296263	171
53838137473	171
53831845894	171
53828699140	171
53704967168	171
70868061188	170
63356069888	170
62282320003	170
54900344839	170
54899297414	170
54764029959	170
53840234496	170
52627031040	170
69941127168	169
69939022849	169
69804804098	169
69796414465	169
63361304705	169
55838821505	169
54912928896	169
54910830722	169
147107923968	168
142005553152	168
69812144128	168
69807949825	168
62287562753	168
62284418049	168
62282319874	168
53836040195	168
53704968192	168
53699725315	168
70877496321	167
69944265728	167
69813192704	167
69799562245	167
62282318849	167
54900344972	167
53829747716	167
142007650432	166
133283499010	166
70873303042	166
69943217152	166
69800625154	166
69800610819	166
63357118464	166
54896150666	166
54776612865	166
54766127236	166
52618642433	166
70874352642	165
69806909440	165
63487134848	165
61206481920	165
54767175685	165
54766128131	165
54762981383	165
53692384259	165
53691336712	165
142008698880	164
142007650304	164
133283514368	164
133281400832	164
70883788800	164
70881690624	164
70878554112	164
69939037313	164
69803763840	164
63358159872	164
55836724226	164
53838137345	164
139587537024	163
133285596161	163
78389495808	163
78387399810	163
70881691649	163
70878546945	163
69934827652	163
69931697154	163
69812145280	163
69796423808	163
69796423681	163
54910829569	163
54905588738	163
54901394565	163
54899297285	163
54767174659	163
139587537920	162
133284546560	162
133280352257	162
78386350210	162
70873305088	162
69931681925	162
69810046977	162
62424927360	162
62412351616	162
54897200265	162
54767176707	162
53695531013	162
139589634177	161
133286652033	161
78390545537	161
69944280064	161
69940069377	161
69798512771	161
62289660033	161
62281271298	161
62280223875	161
61216967808	161
61211723905	161
54915024896	161
54912926720	161
54900343813	161
54899296396	161
53834991620	161
139594877056	160
133282450433	160
70874351746	160
69930633220	160
69801673730	160
69798514688	160
62413399041	160
55836723204	160
54909783169	160
54909782018	160
53829748744	160
53699724290	160
301722553472	159
78393691264	159
78391592960	159
69931697281	159
69805853826	159
69804805122	159
62290708480	159
55846160512	159
54904540162	159
54903491587	159
54900345861	159
54771370115	159
53839186048	159
53692385286	159
52628079616	159
69945314432	158
69798512643	158
62282327040	158
54902441991	158
54901394436	158
54898246660	158
54766127109	158
54765078661	158
53839184896	158
53834990594	158
53833943173	158
53833943045	158
53829748870	158
133289789568	157
70870158467	157
69946363008	157
69806900225	157
69803762688	157
63359208448	157
62424926336	157
62413393028	157
62287563905	157
61208579201	157
55847210112	157
55847209088	157
54906636292	157
54898247687	157
54777661568	157
52622836737	157
70877498498	156
69933779077	156
62421779456	156
62288610304	156
62285464577	156
55841966209	156
53837088898	156
53694481412	156
142010796160	155
78387398786	155
70875399169	155
70869117056	155
69943217281	155
63353966592	155
62291757056	155
54907684997	155
54906637442	155
54768223234	155
147113168000	154
78390559872	154
70883789952	154
62284417155	154
142011844736	153
70876447745	153
69945314304	153
69942183040	153
69932745730	153
69798519808	153
69795366914	153
63356070016	153
63353965698	153
62285465730	153
54912927873	153
54907683842	153
54901393547	153
54771371010	153
53706015744	153
52617593857	153
133281417217	152
70878544897	152
70869108739	152
69939021955	152
69929592960	152
69802707970	152
69796416518	152
69794319490	152
62423877633	152
55835676672	152
54773467266	152
54762982406	152
53690287109	152
70872269954	151
69940085761	151
69933777922	151
69928536192	151
69806910464	151
69801667584	151
62289660928	151
62280223745	151
54773468161	151
54769272836	151
54768225282	151
53702871041	151
70875401219	150
70873304068	150
69937982464	150
69936926720	150
69934826498	150
63357118592	150
62422829185	150
55839869057	150
54902443140	150
54768224261	150
53838136321	150
53833942019	150
53696579589	150
147110021249	149
142009748608	149
133279320067	149
70871222273	149
69940071554	149
69934828676	149
61215918080	149
61212773376	149
54903490566	149
53826603017	149
133279319043	148
70880644096	148
70875415554	148
69802708099	148
63487133825	148
61205433473	148
54772418563	148
54766126083	148
54765077507	148
53689239560	148
147103730817	147
70881707136	147
70878561281	147
70872270849	147
70869109766	147
69944263680	147
69941120001	147
69940070402	147
69799568384	147
63360254976	147
63357110403	147
63351868417	147
62281272451	147
55835675650	147
54908733443	147
54765078534	147
53688190984	147
70880650240	146
70875407360	146
69943231616	146
63352918016	146
54911879169	146
54900344973	146
54765079556	146
53829747717	146
69941134337	145
69940078592	145
69940070531	145
69932729346	145
69930634243	145
62424926208	145
62418634883	145
55843015680	145
54908733572	145
53700773890	145
53700772866	145
70872254467	144
70870158341	144
69939021826	144
69811095553	144
69810047105	144
69802707075	144
69801658371	144
62279174274	144
54912927745	144
53831846022	144
133285610624	143
78393690240	143
70871207043	143
70870159360	143
69945328640	143
69935884417	143
69934834688	143
69931680770	143
69929585795	143
69929585666	143
63363402752	143
63362353281	143
62420733057	143
62292805760	143
61209625600	143
54898247821	143
53841283072	143
53691336713	143
301725699200	142
70871206917	142
70871206019	142
63362354176	142
62419683458	142
62284424192	142
61472819456	142
54913977472	142
54767175813	142
54764030981	142
53837088770	142
53828700169	142
133286643712	141
69940078720	141
69796415619	141
63356062850	141
63355013251	141
62412351488	141
61208578049	141
54773466113	141
54772417538	141
54771371011	141
53697628164	141
147112118272	140
133290845184	140
69946361856	140
69937973251	140
69806916609	140
69803755651	140
62420731905	140
62417585153	140
62413392002	140
53690288136	140
70880651392	139
69936924675	139
69931689985	139
69929591809	139
69814241280	139
69805852802	139
69805852674	139
69800609795	139
61216966656	139
55840918657	139
54911880193	139
54899297415	139
54761931778	139
53698675715	139
52619691010	139
78394739840	138
70885885952	138
70877497474	138
70877497346	138
69810048129	138
62421781633	138
62284416001	138
62283367425	138
55843014785	138
54762981384	138
54761933830	138
53828699141	138
53825554566	138
53703918593	138
147113166976	137
70872255491	137
70871204866	137
69806902274	137
69804804226	137
69803756675	137
63352916098	137
62427024512	137
54779758592	137
54772419586	137
53831845895	137
53706016768	137
147110036608	136
78391594113	136
70869109891	136
69937988610	136
69804819457	136
69804805123	136
69800610820	136
62415490179	136
62290708609	136
62287563776	136
62283369602	136
61341747328	136
54774514689	136
54764030084	136
53834991748	136
53697627139	136
53695529988	136
142011845760	135
133287692288	135
133284546688	135
78388447361	135
78387398656	135
70883788928	135
70875401347	135
69809013760	135
69809006720	135
63361303552	135
63360257153	135
55845111808	135
54903489540	135
54899296512	135
54897199110	135
54776611840	135
54773467138	135
54770322434	135
54770320386	135
53827651593	135
139593828352	134
139590683777	134
133287692417	134
70871205891	134
69940071425	134
69805853699	134
69800617985	134
69797464195	134
63358158849	134
63355022336	134
62280221697	134
62279176192	134
61342796928	134
54897199247	134
54766128132	134
53837088899	134
53829748745	134
53689238531	134
147107924096	133
142008699008	133
142003463168	133
133290853504	133
78386351234	133
70881691777	133
69811094528	133
63363400704	133
62280224768	133
54916073600	133
54778710017	133
53707064320	133
142009747456	132
139595926656	132
139591746560	132
133288749185	132
78393690112	132
69945312256	132
69933779972	132
69930634373	132
69807965185	132
69802706947	132
69798513669	132
62288612481	132
62283369473	132
54774515714	132
54764029960	132
53842331648	132
53831846023	132
53830796292	132
53827650564	132
133285610497	131
70872256512	131
69805868033	131
69797465094	131
63363401728	131
62418635906	131
55844064256	131
55843013632	131
54915025024	131
54905587717	131
54896151687	131
54762980355	131
147107932160	130
139594876928	130
139592795264	130
78391593089	130
69944264833	130
69941119106	130
69810045952	130
63489230976	130
62425974912	130
62290709504	130
55835674626	130
54901393416	130
54899296397	130
54777661441	130
54774515842	130
53825554440	130
133283513345	129
70877512833	129
69931682950	129
69804813312	129
61339651200	129
61218015360	129
54775564290	129
139589635072	128
133290846336	128
70870172676	128
69947410560	128
69934828547	128
62280229888	128
61345942656	128
61210674176	128
54906636422	128
54780807168	128
54769272964	128
301723601024	127
147108973697	127
70882740225	127
70875400195	127
69939030146	127
69803756547	127
69799569409	127
61344894080	127
54904539272	127
54900345990	127
53703919617	127
147108988032	126
133286651904	126
69942182913	126
69935884289	126
69932730501	126
69805860864	126
69801659396	126
69796416643	126
61215918209	126
61211723777	126
55844063361	126
54901392389	126
54767176708	126
53830797446	126
53694482438	126
142006601728	125
70884838528	125
70879602688	125
70875400323	125
70872255619	125
69947410432	125
69946361984	125
62419691520	125
62419684352	125
62415489156	125
62292806784	125
61211724929	125
54910830723	125
54901393548	125
54900344974	125
54762981507	125
53836039170	125
53693433862	125
142004505600	124
139595925632	124
139590682753	124
133282449409	124
133281416194	124
78392641665	124
70881707008	124
70878554241	124
70873318403	124
70870164480	124
69939020802	124
69935875074	124
69802722306	124
69800611840	124
69797464067	124
63361305600	124
62418642944	124
61213819904	124
61211722752	124
54899295237	124
53830797320	124
78388448386	123
70876464130	123
70876448898	123
70871221252	123
70868061189	123
69936940034	123
69934835713	123
69804812418	123
62424927232	123
62291758208	123
62279175170	123
61340698752	123
55848258688	123
55837772802	123
55837771906	123
54908732418	123
54761932806	123
53834990595	123
53832894470	123
70876449922	122
70868060162	122
69940077568	122
69811102720	122
69809006592	122
69808999424	122
69801666689	122
69797471232	122
69794318337	122
62281273344	122
54916073472	122
54902442122	122
54901394437	122
53839185921	122
53698676740	122
53695531014	122
139593828481	121
139590690816	121
133289790593	121
78389511296	121
70879593473	121
70876457090	121
70876448770	121
69946377216	121
69939022979	121
69937974404	121
69800610821	121
63360257024	121
63358167040	121
62425975936	121
62422828032	121
62289658880	121
55846160384	121
55845112832	121
54913976449	121
54907685890	121
54903490697	121
54896150531	121
54777660416	121
54774516736	121
53834991621	121
53829748871	121
53827651720	121
53693432836	121
52629128192	121
142006617216	120
78394738816	120
78389495937	120
69804805250	120
69794319364	120
61212771328	120
54908734466	120
54906637314	120
54906635267	120
54898248841	120
54772418691	120
54770321412	120
54768224389	120
54767175686	120
53840234624	120
52621788162	120
147114215552	119
133282449536	119
70880658561	119
70879609857	119
69807958016	119
69805853700	119
69799561219	119
63360264192	119
54910830594	119
54903490567	119
54902440965	119
54772419587	119
53832894598	119
147111069825	118
142003465216	118
133281401984	118
78392642689	118
78384254081	118
70880651264	118
70874366979	118
69936932865	118
69935876228	118
69802715137	118
63353963521	118
62416537732	118
62286514306	118
61207529473	118
54769271811	118
54762981385	118
53840233472	118
53834991749	118
53701822466	118
147114216576	117
142006601857	117
70869109767	117
69811103872	117
69806901250	117
69795367944	117
63358167168	117
63355012097	117
62420740096	117
62290707456	117
62281278464	117
55844062208	117
54905587847	117
54898248709	117
54896150784	117
54896150667	117
54776612993	117
53692385287	117
53688190985	117
139595940992	116
133284562048	116
69812144256	116
69799562372	116
69799562246	116
63356061827	116
62282321027	116
54907686018	116
54897200266	116
53822408840	116
53694481413	116
139591731329	115
133284561921	115
78392641536	115
78388448256	115
70883804288	115
70877504512	115
70874358784	115
70872254595	115
70872253442	115
70870165632	115
69944264705	115
69943231489	115
69935891459	115
69815289856	115
62284425216	115
61209627777	115
61206480897	115
55836723205	115
54915026048	115
54913976321	115
54904539142	115
54771369988	115
54764030982	115
52624933889	115
133288749056	114
133287707648	114
70882739200	114
70878546946	114
70870158342	114
69937972226	114
69811096705	114
69807950849	114
69797465095	114
62413400193	114
62279173121	114
61208577024	114
54912928768	114
54901393664	114
54771368962	114
54769273858	114
54766127110	114
54762982407	114
53831844868	114
53701821442	114
301724650624	113
133282450560	113
78388462720	113
70878561409	113
69948459008	113
69947411584	113
69942166529	113
69936924804	113
69804806144	113
69800618113	113
69796416519	113
61214868480	113
55845111937	113
54917122048	113
54910831745	113
54907684868	113
54766128133	113
54766127237	113
53707065344	113
53696578564	113
53691336714	113
147113166848	112
147104779393	112
142007658496	112
142005554305	112
139591732224	112
78390544513	112
78389496962	112
70886934528	112
70882740353	112
69944265857	112
69933780100	112
69932739585	112
69806902275	112
62292805632	112
55840916481	112
54904538116	112
54896149506	112
54764028932	112
53836040324	112
53830796293	112
53823457416	112
52625982465	112
133287707776	111
133285596289	111
133284547585	111
78392657024	111
70882755712	111
70880644225	111
70877505664	111
70877505536	111
69941118978	111
69795367042	111
62425975808	111
62288611329	111
55838819329	111
54911879298	111
54911878145	111
54900344840	111
54899296264	111
54770322435	111
53832894599	111
53825554567	111
53825553412	111
53704967169	111
53689239561	111
133289789440	110
133286644865	110
70879595650	110
69932745858	110
63363401857	110
62414441604	110
62278127616	110
62278124544	110
61219063808	110
61205432321	110
54902443012	110
54775563265	110
54771371012	110
54767174660	110
53696579590	110
142006602881	109
142005554176	109
139595925504	109
70883787776	109
70874352643	109
70873311361	109
70869108867	109
69935877123	109
63356060673	109
62422830209	109
62285472768	109
54902441992	109
54775564418	109
54770321540	109
54768224262	109
53838137474	109
53836040196	109
53699724291	109
78396836992	108
78395787392	108
78394738688	108
70874351619	108
70868068480	108
69944280192	108
69937973380	108
69934827524	108
62423877761	108
62293855360	108
62280222723	108
61210676353	108
55838820354	108
54903491716	108
54778708992	108
53695529989	108
133288749186	107
70879610880	107
70876449794	107
70875415555	107
70875409408	107
70873304069	107
70869124100	107
69937988737	107
69936925698	107
69934827653	107
69931690113	107
69801657346	107
69800610822	107
62420732928	107
55841966081	107
54909780994	107
54908733573	107
54907683843	107
54903491588	107
54900344975	107
54768225283	107
53697628165	107
78388447362	106
70882741377	106
70881692801	106
70881692672	106
70873303043	106
69945313409	106
69939021827	106
69932731525	106
69814241281	106
69810062336	106
69810048000	106
69809006721	106
63362352128	106
54906636293	106
54901394566	106
54777661569	106
53833943174	106
53700772867	106
53690288137	106
142009747585	105
139588593664	105
133291887744	105
78393690241	105
70881691650	105
69933788161	105
69930633348	105
69811095681	105
69804805124	105
63364451328	105
62427023488	105
62285473792	105
62284417026	105
55841967233	105
55838821377	105
55837771779	105
54913975296	105
54909782148	105
54897200133	105
54779758593	105
53958723712	105
53843380224	105
53827650565	105
53824505862	105
53691335684	105
147108972673	104
78395788416	104
70877498370	104
70872269828	104
69948460160	104
69942167682	104
69931681797	104
69800619009	104
69799562247	104
69795368961	104
63353964546	104
62419682305	104
62284418178	104
55843014657	104
54904540163	104
54904539273	104
54772418564	104
53826603018	104
53700773891	104
52628079617	104
147106875392	103
142012893312	103
142011844608	103
142010796032	103
133287693442	103
133282465793	103
70875402240	103
69941120130	103
62425973760	103
61340698753	103
61220112384	103
54909782019	103
54905588739	103
54778710144	103
54772417539	103
54769272837	103
54764029961	103
53837088771	103
53708113920	103
52623885314	103
139594892416	102
139588594688	102
70878562304	102
69949507712	102
69807950978	102
63490280576	102
63352914945	102
54913977344	102
54905586692	102
54899297416	102
54775565312	102
54773467267	102
54773467139	102
53830797447	102
53828700296	102
53702870018	102
147110022273	101
139594877057	101
133288740864	101
133279319170	101
78391608448	101
70882755584	101
70874368001	101
69797465220	101
63359207554	101
63352925184	101
62421780481	101
61209626625	101
54916074624	101
54898247822	101
54773468162	101
53840234497	101
53839184897	101
53830797321	101
53708112896	101
147114215424	100
139598022656	100
78389496832	100
70878545922	100
70874351747	100
70870158343	100
70870157315	100
69942167554	100
69936923650	100
69812145281	100
69812144129	100
69797466113	100
62417594496	100
62417586308	100
62287562882	100
62284419072	100
62283368450	100
55849306240	100
55839869953	100
54898247936	100
54771370116	100
54769273859	100
53827651721	100
53704968193	100
53702871042	100
53699725316	100
53690287110	100
147107925121	99
139592778752	99
133288740992	99
70874352771	99
69932730372	99
69803764736	99
69801659397	99
69800609924	99
69799570433	99
69798513796	99
62418633729	99
62417586178	99
62416536577	99
62415489026	99
61207536640	99
54905588867	99
54901393549	99
54776613888	99
54776612866	99
54766128134	99
54765077508	99
53828700170	99
133290838016	98
70883789824	98
70877497347	98
70873318530	98
70871213056	98
70869124101	98
69947425792	98
69946360832	98
69943224320	98
69936940161	98
69810046978	98
69807959040	98
69804804099	98
63488182401	98
63364450304	98
62423878656	98
62420732034	98
62415488001	98
61207528448	98
55847208960	98
54907684998	98
54900343814	98
54896151555	98
53838137346	98
53824504836	98
53693433863	98
142007665792	97
70874353664	97
69940072448	97
69813193856	97
69813192705	97
69802707971	97
69801666561	97
69798513670	97
69795367945	97
63357109249	97
62422830080	97
62416538755	97
61210675201	97
55836723330	97
54896151688	97
54780807169	97
54770322436	97
54767175814	97
54765079557	97
53836039171	97
53831844869	97
53706015745	97
53695531015	97
139594875904	96
139589643264	96
78394738817	96
78386350080	96
70878555136	96
69940070403	96
63359207425	96
63358158979	96
63351867521	96
62427023360	96
54897199360	96
54774515715	96
54768223235	96
53839186049	96
53833943175	96
53833943046	96
53832894471	96
139596975232	95
139587536897	95
78391592961	95
78388455424	95
70883788801	95
70875401220	95
70872254468	95
69933794307	95
69933779973	95
69932729347	95
69929592835	95
69808998402	95
69800610823	95
69798511618	95
62286521344	95
61473868928	95
61341748352	95
54779757568	95
54775564291	95
54768225284	95
54762982408	95
301724649600	94
147112118401	94
142003471360	94
70884836352	94
70879595521	94
70872261632	94
69937975296	94
69930633221	94
69801673731	94
62424926337	94
62422829057	94
61220113408	94
54915023872	94
54909783042	94
54902442240	94
54901393417	94
54901392390	94
54899297286	94
54898246661	94
54897200267	94
54766126084	94
54761933831	94
54761931779	94
53957675136	94
52627031041	94
70880643074	93
69934835841	93
69807948801	93
69805853701	93
69796416520	93
62286513153	93
61213822081	93
55837770753	93
54916074496	93
54899296398	93
54767176709	93
54765078535	93
53825554441	93
53822408705	93
139592779905	92
133283498112	92
78393690113	92
78392641537	92
78390544385	92
70885885953	92
70882741248	92
70880644097	92
70879594498	92
70878554242	92
70878546947	92
70873304195	92
70869124228	92
70868061190	92
69929584642	92
69812143104	92
69811096576	92
69803755523	92
69795382273	92
63355014275	92
63353965699	92
63352917123	92
61477014656	92
61206482050	92
54915025920	92
54900345862	92
54771369989	92
54769272965	92
54768224263	92
54767175687	92
54762981386	92
53694482439	92
147106883584	91
147106875521	91
78396835968	91
78390545538	91
70887983104	91
69934828677	91
63356061698	91
63351868547	91
62428072960	91
62285465731	91
61216966785	91
61212772353	91
54770321413	91
53841283200	91
53841282048	91
53840233473	91
53838137475	91
53836040325	91
53829748746	91
53823456258	91
53709161472	91
301723602048	90
147110029440	90
147107940352	90
142012894336	90
139589633024	90
78386350211	90
70884837377	90
70873303171	90
70870173698	90
69949507584	90
69945314305	90
69931682951	90
69805852803	90
63366547584	90
62431218816	90
62414439425	90
61219063936	90
61218016384	90
55849307264	90
55835675651	90
54915025025	90
54902443141	90
54761932807	90
53824505992	90
53701822467	90
53696579591	90
53693432837	90
142009762944	89
139593836544	89
78387399680	89
70877497475	89
70874352644	89
69949508736	89
69942176768	89
69931682820	89
69928537220	89
69800610824	89
63365499008	89
63357117440	89
63352915972	89
62423876608	89
62421788672	89
62285466754	89
55836722177	89
54910831618	89
54902440966	89
54900345088	89
54766127111	89
54764030085	89
53828699142	89
147107939456	88
142008697856	88
142006609920	88
139590683648	88
78386351104	88
70885884928	88
70876450816	88
70870172677	88
69940071555	88
69930648704	88
69810048130	88
69806901378	88
69805852675	88
69804805125	88
69802708992	88
69797465096	88
63357110274	88
62291756032	88
55836724227	88
54904540292	88
54779758720	88
54770320387	88
54769273860	88
53844428800	88
53698676741	88
301727796352	87
147115265152	87
147107924992	87
142007665664	87
78391594114	87
78389495809	87
70877499392	87
70876447746	87
70872255492	87
70871206918	87
69945313281	87
69932731396	87
69805861888	87
69805854720	87
69798512644	87
63489230848	87
63365500032	87
63359215616	87
62416537733	87
62289659905	87
62285466625	87
62278126724	87
61219064832	87
61209627649	87
55848257664	87
55837772930	87
54918170624	87
54902442123	87
54777661442	87
54765078662	87
53837087746	87
53836040197	87
53828700297	87
53822407808	87
53688190986	87
147106964480	86
139591746689	86
133282450434	86
133279303680	86
70884837504	86
70876448899	86
70873319425	86
70869125122	86
69817387008	86
69800625155	86
69800610948	86
63353972737	86
62428073088	86
62421781504	86
62285465602	86
61213821952	86
61212773505	86
55835674752	86
54912927874	86
54909782149	86
54906637315	86
54903491589	86
54902441993	86
53827651594	86
53826603019	86
53826601988	86
53823457417	86
53692384260	86
142008714368	85
142007651328	85
142006617088	85
133285596162	85
133284554752	85
70873302018	85
69942168577	85
69941119107	85
69936924805	85
69932738562	85
69801658500	85
69800608770	85
63368645760	85
63351867396	85
62425975809	85
62415497217	85
62412344453	85
62291757185	85
62286522368	85
62279181440	85
61225356416	85
61221162112	85
61219064960	85
61206479872	85
54916072448	85
54911879170	85
54903490698	85
54897200268	85
54897198084	85
54779758594	85
54774514690	85
54773468163	85
54772418565	85
53845477376	85
53841283073	85
142013941888	84
142006602752	84
139591739392	84
139590698113	84
139588584448	84
78387422208	84
70880643202	84
70875400196	84
70872253443	84
69941128192	84
69808997377	84
69807949954	84
69806902402	84
69799562248	84
62420730881	84
55846160513	84
55845110784	84
55839867906	84
54900345991	84
54900344976	84
54768224390	84
54767176710	84
54764028933	84
53840234625	84
53823457284	84
53699725317	84
52630176768	84
147108980736	83
139589642368	83
133286659073	83
78393691265	83
78392641666	83
70871221253	83
69805853827	83
69795367946	83
63365498880	83
62425974913	83
61214870657	83
54911879299	83
54906636423	83
54903489541	83
54901394438	83
54897199111	83
54764029962	83
53827651722	83
53822408841	83
52619691011	83
301723601025	82
147113166977	82
147110022144	82
147107932288	82
139593843840	82
70886933504	82
70885901440	82
69942175744	82
69937974274	82
69935877252	82
69933787265	82
69931683841	82
69815289857	82
69808999554	82
69798520833	82
69795368067	82
69794326528	82
63491328000	82
63488183425	82
62419684482	82
62292806656	82
62283370496	82
61215919104	82
55839868930	82
54907684869	82
54904539143	82
54901393550	82
54898247688	82
54781855744	82
54780807296	82
54768225285	82
54767174661	82
54765079558	82
53963966592	82
53960820864	82
53826603144	82
52620739586	82
147115264128	81
139593829376	81
133291886592	81
133283513472	81
133280353408	81
78388447233	81
70880642049	81
70874351620	81
70871204867	81
70870156290	81
69945314433	81
69939023872	81
69937974405	81
69933778948	81
69798513671	81
69796417537	81
69795367043	81
63361305729	81
62413393029	81
62288618496	81
62280222852	81
61213820929	81
55837771907	81
54910830724	81
54898247823	81
54774515843	81
54773466114	81
53825553413	81
53689239562	81
147108972545	80
139596974208	80
139592780800	80
139591731201	80
133283499011	80
133279320068	80
70879603712	80
70878547074	80
70874350594	80
70872254469	80
70870157444	80
70869108740	80
69939037186	80
69936925828	80
69934836864	80
69931697155	80
69929586689	80
69805859840	80
69803756548	80
69796430851	80
62419683459	80
62412343296	80
62294902912	80
61220112512	80
61214870528	80
61205432449	80
55843015809	80
54905587718	80
54898248842	80
54897199248	80
54780806144	80
54774516737	80
53959772288	80
53839185922	80
53706016769	80
142003456000	79
78394739841	79
70885886080	79
70883804160	79
70881690625	79
70877506560	79
70877498371	79
70876449795	79
70871207044	79
69942175872	79
69940085889	79
69816338432	79
69812145152	79
69811110912	79
69805860992	79
69801659524	79
63366547456	79
63360263168	79
54915024897	79
53697628166	79
53697627140	79
53692385288	79
147115264000	78
139589641216	78
78393705600	78
78389504000	78
78386365440	78
70884852864	78
70876449923	78
70868061315	78
69944273024	78
69941120002	78
69934826499	78
69931691009	78
69813192832	78
69803762689	78
69803754498	78
64425608192	78
63361304577	78
63358157825	78
63356068864	78
62429121664	78
62418634754	78
62291758080	78
61474916480	78
61218016256	78
61215917056	78
55848257536	78
54901392391	78
54900344841	78
54899297417	78
54773467140	78
53829748747	78
53828700171	78
53824505863	78
53703919618	78
147108973568	77
139596989440	77
139589649408	77
133284545536	77
70880659456	77
70880658433	77
70876448771	77
70871205892	77
70869107714	77
69943216258	77
69941117954	77
69807958144	77
69806909569	77
69804804227	77
69802707972	77
69800610825	77
69799576579	77
62417593344	77
62416537602	77
62280230913	77
61475965056	77
55846159360	77
55839870976	77
55837773824	77
54917123072	77
54904539274	77
54901394567	77
54781854720	77
54777662464	77
54777661443	77
53837088900	77
53833943047	77
53831845896	77
53827651723	77
53709162496	77
53707064321	77
53698675716	77
53693433864	77
147111085184	76
147104778370	76
139595926528	76
133285595265	76
70889031680	76
70871221378	76
70871206919	76
70870158344	76
69935876100	76
69811095554	76
69808999425	76
69804811265	76
69804805251	76
69800609925	76
64425609216	76
62433315968	76
62429120512	76
62414440580	76
62282319875	76
55841965057	76
54910830595	76
54908733574	76
54905586693	76
54899296265	76
54782904320	76
54762980356	76
53833942020	76
53828699143	76
53827651595	76
53690288138	76
139592795136	75
138513795072	75
133290839168	75
133287700608	75
